Project,Sent,Signed,By
Acme Site,2026-09-08,2026-09-09,Client
Beta Logo,2026-09-09,,Producer